a <- 3+3
b <- 3+4
